18
21
18
18
*
26
*
10
30
30
60
41
*
41
*
*
41
17
77
91
66
66
*
1
1
1
32
8
6
99
*
62
11
*
33
1
*
3
*
*
11
3
*
63
*
13
13
87
*
16
19
82
*
2
16
*
2
18
*
32
19
*
11
39
11
39
*
11
*
*
3
82
7
*
2
1
2
2
2
28
*
2
2
2
1
2
2
1
2
2
41
2
30
26
1
2
2
100
42
2
*
2
2
1
2
23
2
1
53
1
2
2
2
2
2
10
1
1
*
2
*
1
2
2
*
*
43
4
10
*
*
2
3
47
17
5
*
14
*
2
3
*
*
*
2
2
9
*
*
9
*
9
9
11
2
5
*
28
9
*
14
*
53
2
53
*
*
*
2
54
*
5
53
67
*
*
*
*
1
14
33
1
29
*
33
8
*
4
*
11
17
*
4
1
1
1
95
34
8
14
*
89
14
1
*
*
*
*
*
40
*
*
11
1
12
1
*
3
36
*
*
3
1
1
34
*
*
4
70
7
*
8
8
76
48
3
48
*
17
*
89
8
*
*
*
95
4
39
8
*
*
1
1
*
*
48
8
7
*
15
48
*
1
37
3
*
1
43
1
34
11
*
*
*
3
7
1
10
48
*
*
59
26
*
29
83
*
*
*
26
24
*
3
24
*
*
1
2
5
5
81
5
6
*
*
*
4
*
24
*
2
*
46
20
5
3
24
14
2
27
5
*
9
*
83
*
2
5
2
2
*
75
16
*
3
*
63
2
*
*
16
*
*
16
5
26
14
2
2
2
*
71
24
2
1
2
*
*
*
*
*
9
2
10
5
5
2
2
1
*
*
2
*
*
2
*
*
*
1
2
2
*
14
2
*
6
*
2
2
81
*
*
1
67
1
*
6
*
*
6
6
41
*
*
5
5
11
53
*
14
1
*
*
1
13
2
2
2
2
2
6
1
1
3
2
2
2
25
1
2
1
2
1
2
1
2
2
2
1
2
8
8
2
2
2
2
2
2
1
2
2
1
8
1
3
1
1
1
8
1
1
1
2
1
1
3
2
2
2
2
1
2
2
2
3
2
2
3
1
1
3
1
3
2
1
2
3
1
3
3
3
1
19
3
3
3
3
1
1
3
1
3
3
3
3
5
1
3
2
3
2
3
1
3
3
3
3
3
3
3
1
3
1
3
3
3
1
3
2
1
54
1
1
1
1
1
1
*
*
1
2
32
*
1
1
1
1
7
*
1
1
1
1
1
32
34
1
2
1
1
89
*
1
1
*
1
1
*
2
1
1
1
1
1
1
32
1
*
1
*
1
7
*
9
1
*
1
1
*
1
1
1
1
11
1
1
1
11
1
1
1
9
1
1
11
1
*
1
*
*
1
32
1
1
*
1
1
1
1
3
5
*
*
54
*
2
32
4
54
5
58
5
98
*
3
32
4
45
9
3
*
4
5
32
27
5
*
*
3
*
27
*
2
66
*
2
*
5
1
*
3
5
1
5
*
2
22
2
2
2
5
45
1
2
*
2
2
5
5
22
1
2
36
1
1
1
1
1
1
1
1
2
*
9
1
1
1
1
2
1
*
1
1
1
*
1
1
1
5
*
1
1
1
1
1
3
1
16
*
1
1
18
1
1
1
*
1
1
89
1
*
1
1
1
1
1
1
1
1
77
*
1
1
1
1
1
*
1
37
1
1
1
*
1
1
1
1
1
17
1
1
17
1
1
*
1
87
1
1
17
1
3
77
91
1
1
10
37
1
*
*
1
1
*
42
1
1
1
1
*
1
1
1
1
40
1
72
1
1
3
1
1
*
1
*
1
1
22
1
1
1
99
*
1
*
1
1
1
11
62
1
89
1
1
*
1
51
1
26
1
61
*
1
*
21
1
2
2
76
2
2
2
2
2
2
2
2
2
2
2
2
2
2
2
2
2
2
2
2
2
2
2
2
2
2
2
2
2
2
2
2
2
2
2
2
2
*
2
2
2
2
2
2
2
2
2
2
2
2
2
2
2
2
2
2
2
2
2
2
2
2
2
2
2
2
2
1
1
2
2
2
2
1
2
2
2
2
56
2
2
2
2
2
2
2
2
*
2
1
2
2
2
2
1
2
2
2
2
2
1
2
2
1
1
1
1
2
2
2
2
1
1
2
1
1
2
2
1
2
2
1
1
2
2
2
1
1
2
1
2
2
1
1
1
1
2
1
1
1
2
1
1
1
1
1
1
1
1
1
1
1
1
1
2
1
1
1
1
1
6
1
1
*
*
1
1
1
1
1
6
1
1
1
29
1
1
1
1
1
1
10
1
1
1
1
6
1
1
6
1
1
1
3
*
1
6
1
1
1
3
1
1
1
1
1
1
1
1
1
1
1
1
2
2
6
1
1
1
1
1
1
1
1
1
1
1
1
1
2
1
1
1
11
1
1
1
1
1
1
1
1
1
6
1
1
2
2
1
1
1
1
1
1
1
1
6
11
1
11
11
1
1
1
1
2
1
2
1
2
2
1
*
1
1
1
11
1
1
1
6
1
1
1
1
1
1
1
2
1
11
1
1
1
1
1
1
1
2
1
1
1
1
1
1
11
1
1
1
1
1
11
11
11
1
1
1
1
11
2
1
2
1
7
1
1
1
1
1
1
1
1
1
2
1
1
5
1
2
2
1
2
2
4
2
4
2
5
2
4
4
2
2
5
4
2
4
2
4
2
2
4
2
4
4
4
5
2
2
2
5
2
4
2
4
2
2
4
2
4
2
2
5
2
2
2
2
2
4
4
4
4
4
2
2
4
4
2
4
2
4
2
16
4
4
4
2
2
2
2
4
5
3
3
2
3
2
5
2
3
2
3
2
5
5
3
2
5
2
3
3
3
3
3
2
2
3
5
2
3
2
3
2
3
3
3
2
2
2
3
2
3
2
2
3
2
40
2
2
5
2
3
2
2
2
2
3
2
5
2
49
3
2
2
2
2
2
2
2
2
2
2
2
2
2
2
2
2
2
2
2
2
2
2
2
1
1
1
13
1
1
1
1
13
1
1
8
1
1
1
65
1
8
1
2
1
2
2
1
1
65
2
2
1
1
1
13
1
2
*
1
2
1
1
1
2
1
1
1
1
1
8
2
2
2
1
2
1
2
2
1
1
1
2
2
1
2
1
1
2
2
2
1
1
1
2
1
1
2
1
1
1
2
1
13
1
1
1
1
1
2
2
16
2
1
2
2
1
2
1
2
2
1
1
2
2
2
2
2
1
1
2
2
13
2
1
1
4
2
2
2
2
2
2
1
2
2
1
2
2
2
1
2
2
1
2
2
2
1
1
1
2
2
2
2
1
2
2
2
2
1
2
2
2
2
1
1
2
2
2
1
2
1
2
2
2
1
2
1
1
2
2
1
2
1
1
1
2
2
1
1
1
2
2
2
1
2
1
2
2
2
1
1
2
2
2
2
10
1
1
8
1
3
1
10
1
1
1
8
3
1
1
3
10
1
1
1
1
1
1
1
1
1
1
1
1
1
8
1
8
1
1
8
1
10
1
1
8
10
1
1
1
1
1
1
1
1
1
1
1
30
8
1
10
1
1
1
1
1
1
8
1
1
1
8
1
4
1
1
1
8
1
1
1
1
1
1
10
1
1
1
1
10
1
1
8
1
1
1
1
1
1
1
1
1
1
1
1
1
1
1
1
1
1
1
1
1
1
1
1
1
1
1
1
1
1
1
1
1
1
1
1
1
1
1
1
1
1
1
1
1
1
1
1
1
1
1
1
1
1
1
8
*
2
1
2
1
8
44
1
1
2
8
8
1
1
1
2
2
1
1
1
1
1
1
2
1
1
1
1
1
1
1
1
2
1
2
7
1
1
1
1
1
7
1
2
2
2
2
5
2
2
2
2
2
2
2
2
2
2
2
2
2
2
2
2
2
2
2
7
2
2
*
2
2
2
2
2
2
2
2
2
2
2
44
2
2
2
2
2
2
2
2
2
2
2
2
2
7
2
2
2
2
10
2
2
2
2
2
2
44
2
2
2
2
2
2
2
2
2
2
2
2
2
2
2
2
2
2
2
2
2
2
2
2
44
2
4
2
2
10
2
2
2
2
2
2
7
2
2
2
2
2
2
2
2
2
2
2
1
1
1
1
1
2
1
1
2
1
1
1
1
1
1
1
1
1
1
1
1
1
1
1
1
1
1
2
1
1
89
2
2
1
1
1
2
1
1
1
1
1
1
1
2
1
31
1
2
1
1
1
1
1
1
1
1
2
1
1
*
1
1
1
1
1
2
1
1
1
2
1
1
1
1
1
1
1
1
1
1
1
1
1
1
2
2
1
1
1
1
2
1
1
1
1
1
2
1
1
1
1
2
1
2
1
1
1
1
1
1
1
2
1
1
1
1
2
2
1
1
1
1
1
1
1
1
1
1
1
1
1
1
1
1
2
1
1
2
1
1
1
1
1
1
1
1
1
1
1
1
1
1
1
2
1
1
1
1
1
1
1
11
41
1
1
1
1
1
1
1
15
*
2
2
2
1
1
1
1
1
1
1
89
1
1
1
1
1
1
1
2
1
1
23
1
1
1
2
1
1
1
1
1
1
1
2
1
1
1
1
1
1
2
1
1
1
1
1
1
2
1
1
1
1
1
1
2
2
1
1
1
1
1
1
1
1
1
1
1
1
1
1
1
2
1
1
2
1
1
1
1
1
1
1
1
1
1
1
1
1
1
1
1
1
*
1
1
1
1
1
1
1
1
1
2
4
2
12
2
3
3
2
2
2
3
2
2
92
2
2
3
2
2
2
2
5
2
2
2
2
3
12
2
2
12
2
2
2
2
3
2
2
3
2
2
4
2
2
2
3
*
2
2
2
2
2
2
*
3
2
2
2
2
2
2
2
2
*
2
2
12
2
2
2
2
2
2
2
2
2
2
2
2
2
3
3
2
2
2
3
2
3
*
2
2
2
2
3
2
2
2
5
2
2
2
2
*
2
2
2
2
5
2
12
2
2
3
2
2
2
2
*
3
2
2
2
3
2
2
2
3
2
2
2
2
2
2
3
3
2
2
2
2
2
2
2
2
2
2
2
3
2
2
2
2
2
2
2
*
2
2
3
2
3
93
3
2
2
3
2
2
2
2
2
2
2
2
3
2
3
2
2
2
*
2
2
2
2
2
*
*
3
2
2
2
55
3
2
2
2
2
2
3
2
2
2
2
2
3
*
2
2
12
2
2
3
*
2
2
2
3
2
2
2
2
2
2
2
2
2
2
2
2
3
2
2
3
3
2
3
3
2
2
2
3
2
2
2
2
2
2
3
2
2
2
2
2
2
*
